
//p31 -----!!






























//++++++++++++++++++ used ones +++++++++++++++++
p1
int set1[] = {0, 4, 2, 3, 2, 1, 2, 4, 2, 1, 4, 0, 3, 0, 1, 0, 3, 0, 1, 3, 4};
int set2[] = {0, 4, 3, 4, 1, 3, 1, 0, 2, 0, 3, 1, 2, 3, 4, 0, 1, 4, 2, 0, 2};
int set3[] = {0, 2, 4, 3, 4, 2, 1, 2, 3, 4, 1, 0, 4, 3, 1, 0, 2, 3, 0, 1, 0};
p2
int set1[] = {0, 3, 0, 1, 2, 3, 4, 2, 4, 1, 0, 1, 0, 2, 4, 3, 4, 1, 2, 0, 3};
int set2[] = {0, 4, 0, 2, 3, 0, 3, 4, 1, 2, 4, 0, 1, 3, 2, 0, 1, 2, 1, 4, 3};
int set3[] = {0, 4, 1, 0, 4, 2, 3, 4, 3, 4, 0, 2, 1, 0, 3, 1, 0, 3, 2, 1, 2};
p3
int set1[] = {0, 1, 2, 4, 2, 3, 1, 4, 3, 1, 2, 3, 0, 2, 3, 0, 4, 1, 0, 4, 0};
int set2[] = {0, 4, 2, 3, 4, 1, 4, 0, 1, 4, 0, 3, 2, 0, 2, 1, 3, 0, 3, 1, 2};
int set3[] = {0, 2, 0, 4, 2, 0, 4, 1, 3, 0, 2, 3, 1, 4, 3, 4, 2, 3, 1, 0, 1};
p4
int set1[] = {0, 1, 4, 1, 2, 1, 4, 0, 2, 0, 1, 3, 4, 3, 2, 3, 2, 4, 0, 3, 0};
int set2[] = {0, 1, 0, 2, 3, 1, 4, 3, 2, 0, 3, 2, 1, 4, 0, 3, 1, 2, 4, 0, 4};
int set3[] = {0, 1, 0, 2, 4, 2, 4, 1, 2, 0, 2, 3, 0, 3, 0, 1, 3, 4, 3, 1, 4};
p5
int set1[] = {0, 3, 4, 3, 2, 4, 3, 1, 4, 0, 3, 0, 1, 0, 1, 2, 4, 1, 2, 0, 2};
int set2[] = {0, 1, 3, 1, 2, 1, 0, 1, 2, 0, 2, 4, 2, 3, 4, 3, 0, 3, 4, 0, 4};
int set3[] = {0, 1, 2, 0, 3, 2, 3, 2, 4, 3, 4, 0, 4, 2, 0, 3, 1, 4, 1, 0, 1};
p6
int set1[] = {0, 4, 2, 1, 0, 3, 1, 3, 1, 0, 4, 1, 4, 3, 0, 4, 2, 3, 2, 0, 2};
int set2[] = {0, 1, 3, 2, 1, 3, 2, 4, 3, 0, 3, 0, 2, 1, 0, 4, 2, 0, 4, 1, 4};
int set3[] = {0, 1, 0, 3, 2, 3, 4, 2, 3, 2, 1, 4, 1, 4, 0, 4, 3, 2, 0, 1, 0};

p7
int set1[] = {0, 4, 0, 2, 1, 4, 1, 0, 2, 0, 3, 0, 4, 2, 3, 4, 2, 1, 3, 1, 3};
int set2[] = {0, 4, 3, 1, 0, 1, 3, 2, 0, 4, 3, 0, 1, 2, 3, 1, 2, 0, 4, 2, 4};
int set3[] = {0, 3, 0, 1, 4, 2, 3, 1, 3, 2, 4, 1, 0, 1, 0, 4, 2, 0, 2, 4, 3};

p8
int set1[] = {0, 2, 4, 2, 3, 0, 2, 0, 3, 4, 0, 3, 4, 3, 1, 2, 1, 0, 1, 4, 1};
int set2[] = {0, 3, 1, 2, 0, 1, 3, 2, 0, 1, 3, 4, 1, 3, 2, 4, 0, 2, 4, 0, 4};
int set3[] = {0, 1, 2, 0, 4, 3, 1, 2, 3, 4, 3, 0, 2, 0, 2, 3, 4, 0, 1, 4, 1};

p9
int set1[] = {0, 1, 0, 3, 1, 3, 1, 0, 4, 3, 1, 4, 2, 4, 0, 3, 2, 4, 2, 0, 2};
int set2[] = {0, 2, 3, 4, 0, 2, 4, 3, 0, 4, 1, 3, 0, 2, 3, 2, 1, 0, 1, 4, 1};
int set3[] = {0, 2, 0, 3, 4, 1, 3, 0, 1, 4, 2, 1, 0, 3, 2, 4, 2, 4, 3, 0, 1};

p10
int set1[] = {0, 4, 3, 0, 2, 4, 0, 4, 1, 3, 1, 0, 1, 3, 2, 0, 4, 2, 1, 2, 3};
int set2[] = {0, 1, 0, 4, 3, 1, 4, 2, 3, 0, 1, 4, 3, 2, 1, 3, 2, 4, 0, 2, 0};
int set3[] = {0, 1, 3, 4, 3, 2, 0, 4, 2, 4, 0, 1, 4, 2, 0, 3, 1, 0, 1, 3, 2};

p11 
int set1[] = {0, 2, 1, 2, 1, 3, 0, 3, 4, 0, 4, 1, 0, 2, 3, 2, 0, 4, 1, 3, 4};
int set2[] = {0, 3, 4, 3, 0, 1, 3, 4, 0, 3, 0, 2, 1, 2, 1, 4, 0, 2, 1, 4, 2};
int set3[] = {0, 1, 0, 2, 4, 3, 1, 3, 0, 3, 2, 0, 2, 4, 1, 4, 3, 2, 0, 1, 4};

p12
int set1[] = {0, 2, 3, 0, 4, 1, 4, 0, 3, 2, 1, 0, 3, 0, 2, 1, 3, 1, 4, 2, 4};
int set2[] = {0, 2, 3, 1, 0, 1, 0, 4, 3, 1, 2, 0, 4, 1, 0, 2, 4, 3, 4, 2, 3};
int set3[] = {0, 3, 1, 3, 0, 1, 2, 4, 0, 4, 0, 3, 2, 4, 3, 1, 4, 0, 2, 1, 2};

//p13
int set1[] = {0, 4, 0, 1, 3, 2, 0, 4, 1, 2, 4, 0, 3, 2, 4, 0, 1, 2, 3, 1, 3};
int set2[] = {0, 2, 0, 4, 1, 2, 1, 0, 1, 3, 0, 3, 0, 4, 2, 4, 3, 1, 3, 2, 4};
int set3[] = {0, 2, 4, 3, 4, 1, 4, 2, 0, 4, 1, 0, 1, 3, 1, 2, 0, 3, 2, 3, 0};

//14
int set1[] = {0, 1, 4, 1, 4, 0, 2, 4, 0, 3, 1, 2, 1, 3, 0, 3, 2, 4, 2, 3, 0};
int set2[] = {0, 4, 3, 4, 3, 4, 3, 1, 0, 1, 0, 1, 4, 1, 2, 0, 2, 0, 2, 3, 2};
int set3[] = {0, 4, 3, 2, 3, 2, 0, 3, 0, 1, 4, 2, 0, 2, 4, 3, 1, 0, 1, 4, 1};

//p31
int set1[] = {0, 4, 3, 2, 3, 2, 0, 3, 0, 1, 4, 2, 0, 2, 4, 3, 1, 0, 1, 4, 1};
int set2[] = {0, 1, 4, 2, 1, 0, 3, 0, 4, 3, 0, 4, 2, 3, 0, 2, 3, 2, 1, 4, 1};
int set3[] = {0, 4, 2, 4, 0, 1, 3, 2, 1, 2, 3, 0, 3, 4, 1, 4, 0, 2, 1, 3, 0};

//p15
int set1[] = {0, 1, 4, 1, 0, 1, 2, 4, 2, 4, 3, 0, 4, 1, 0, 3, 0, 2, 3, 2, 3};
int set2[] = {0, 3, 1, 0, 1, 3, 1, 2, 4, 0, 1, 0, 4, 0, 4, 2, 3, 2, 3, 4, 2};
int set3[] = {0, 2, 0, 2, 4, 0, 4, 1, 2, 3, 2, 4, 0, 1, 3, 0, 3, 4, 1, 3, 1};

//p16
int set1[] = {0, 3, 1, 4, 1, 0, 2, 0, 4, 2, 4, 1, 3, 0, 4, 2, 1, 2, 3, 0, 3};
int set2[] = {0, 2, 0, 2, 4, 0, 2, 3, 2, 3, 1, 3, 0, 1, 0, 1, 4, 1, 4, 3, 4};
int set3[] = {0, 4, 1, 3, 0, 1, 4, 3, 0, 3, 2, 1, 4, 0, 2, 3, 2, 1, 2, 4, 0};

//p17
int set1[] = {0, 3, 2, 1, 0, 3, 1, 2, 4, 0, 4, 1, 3, 4, 3, 0, 1, 0, 2, 4, 2};
int set2[] = {0, 1, 4, 1, 4, 0, 2, 4, 0, 3, 1, 2, 1, 3, 0, 3, 2, 4, 2, 3, 0};
int set3[] = {0, 2, 4, 3, 0, 4, 1, 0, 4, 1, 4, 1, 3, 2, 3, 1, 0, 2, 0, 3, 2};

//p18
int set1[] = {0, 2, 0, 3, 0, 2, 0, 1, 2, 4, 2, 0, 3, 1, 4, 3, 4, 3, 1, 4, 1};
int set2[] = {0, 4, 1, 3, 0, 1, 4, 3, 0, 3, 2, 1, 4, 0, 2, 3, 2, 1, 2, 4, 0};
int set3[] = {0, 4, 3, 2, 3, 2, 0, 3, 0, 1, 4, 2, 0, 2, 4, 3, 1, 0, 1, 4, 1};

//p19
int set1[] = {0, 1, 4, 1, 3, 0, 3, 2, 3, 0, 4, 2, 1, 2, 1, 4, 2, 4, 0, 3, 0};
int set2[] = {0, 1, 2, 4, 2, 3, 1, 4, 3, 1, 2, 3, 0, 2, 3, 0, 4, 1, 0, 4, 0};
int set3[] = {0, 4, 2, 3, 4, 1, 4, 0, 1, 4, 0, 3, 2, 0, 2, 1, 3, 0, 3, 1, 2};

//p20
int set1[] = {0, 1, 2, 0, 3, 1, 4, 1, 2, 1, 4, 0, 4, 2, 0, 4, 3, 0, 3, 2, 3};
int set2[] = {0, 4, 3, 1, 2, 0, 1, 2, 4, 0, 1, 3, 0, 1, 3, 4, 2, 3, 2, 0, 4};
int set3[] = {0, 1, 4, 2, 1, 4, 1, 2, 1, 4, 0, 4, 0, 2, 3, 0, 3, 2, 3, 0, 3};

//p21
int set1[] = {0, 2, 0, 2, 4, 0, 4, 1, 2, 3, 2, 4, 0, 1, 3, 0, 3, 4, 1, 3, 1};
int set2[] = {0, 1, 4, 1, 4, 0, 2, 4, 0, 3, 1, 2, 1, 3, 0, 3, 2, 4, 2, 3, 0};
int set3[] = {0, 2, 0, 2, 4, 0, 2, 3, 2, 3, 1, 3, 0, 1, 0, 1, 4, 1, 4, 3, 4};

//p22
int set1[] = {0, 1, 3, 0, 2, 1, 3, 1, 3, 1, 2, 4, 3, 0, 4, 0, 4, 2, 4, 2, 0};
int set2[] = {0, 4, 3, 1, 2, 0, 1, 2, 4, 0, 1, 3, 0, 1, 3, 4, 2, 3, 2, 0, 4};
int set3[] = {0, 1, 4, 2, 1, 4, 1, 2, 1, 4, 0, 4, 0, 2, 3, 0, 3, 2, 3, 0, 3};

// p23
int set1[] = {0, 3, 2, 1, 0, 3, 1, 2, 4, 0, 4, 1, 3, 4, 3, 0, 1, 0, 2, 4, 2};
int set2[] = {0, 1, 2, 4, 2, 3, 1, 4, 3, 1, 2, 3, 0, 2, 3, 0, 4, 1, 0, 4, 0};
int set3[] = {0, 4, 2, 3, 4, 1, 4, 0, 1, 4, 0, 3, 2, 0, 2, 1, 3, 0, 3, 1, 2};

 //p24
int set1[] = {0, 3, 1, 0, 1, 3, 1, 2, 4, 0, 1, 0, 4, 0, 4, 2, 3, 2, 3, 4, 2};
int set2[] = {0, 3, 1, 4, 1, 0, 2, 0, 4, 2, 4, 1, 3, 0, 4, 2, 1, 2, 3, 0, 3};
int set3[] = {0, 4, 1, 3, 0, 1, 4, 3, 0, 3, 2, 1, 4, 0, 2, 3, 2, 1, 2, 4, 0};

//p25
int set1[] = {0, 1, 2, 4, 2, 3, 1, 4, 3, 1, 2, 3, 0, 2, 3, 0, 4, 1, 0, 4, 0};
int set2[] = {0, 4, 2, 3, 4, 1, 4, 0, 1, 4, 0, 3, 2, 0, 2, 1, 3, 0, 3, 1, 2};
int set3[] = {0, 1, 2, 0, 3, 1, 4, 1, 2, 1, 4, 0, 4, 2, 0, 4, 3, 0, 3, 2, 3};

//pp26
int set1[] = {0, 4, 1, 3, 0, 1, 4, 3, 0, 3, 2, 1, 4, 0, 2, 3, 2, 1, 2, 4, 0};
int set2[] = {0, 4, 3, 2, 3, 2, 0, 3, 0, 1, 4, 2, 0, 2, 4, 3, 1, 0, 1, 4, 1};
int set3[] = {0, 3, 1, 4, 1, 0, 2, 0, 4, 2, 4, 1, 3, 0, 4, 2, 1, 2, 3, 0, 3};

//27
int set1[] = {0, 4, 3, 1, 2, 0, 1, 2, 4, 0, 1, 3, 0, 1, 3, 4, 2, 3, 2, 0, 4};
int set2[] = {0, 3, 1, 0, 1, 3, 1, 2, 4, 0, 1, 0, 4, 0, 4, 2, 3, 2, 3, 4, 2};
int set3[] = {0, 2, 0, 2, 4, 0, 4, 1, 2, 3, 2, 4, 0, 1, 3, 0, 3, 4, 1, 3, 1};

//p28
int set1[] = {0, 1, 3, 1, 4, 1, 4, 2, 1, 0, 3, 2, 3, 2, 0, 3, 2, 0, 4, 0, 4};
int set2[] = {0, 1, 4, 1, 3, 0, 3, 2, 3, 0, 4, 2, 1, 2, 1, 4, 2, 4, 0, 3, 0};
int set3[] = {0, 1, 2, 0, 3, 1, 4, 1, 2, 1, 4, 0, 4, 2, 0, 4, 3, 0, 3, 2, 3}; 

//p29
int set1[] = {0, 4, 1, 3, 2, 1, 3, 1, 0, 3, 4, 3, 0, 1, 0, 2, 4, 2, 0, 4, 2};
int set2[] = {0, 2, 4, 2, 1, 4, 1, 0, 1, 2, 1, 4, 0, 2, 3, 0, 3, 4, 3, 0, 3};
int set3[] = {0, 2, 1, 4, 0, 2, 3, 4, 0, 2, 1, 3, 4, 2, 3, 1, 4, 1, 0, 3, 0};





-------------------- new ones -------------------

